514
723
162
493
67
130
14
350
780
522
484
204
618
35
511
407
374
118
345
388
711
339
392
138
995
438
446
431
697
628
461
563
703
624
56
771
106
422
121
239
944
605
795
915
992
658
322
367
776
19
755
488
358
500
978
353
938
424
136
987
52
597
550
107
573
958
878
32
380
351
271
677
309
66
592
301
724
266
20
852
285
128
340
643
628
670
348
918
94
836
905
498
785
807
606
711
117
484
743
849
188
366
526
497
784
118
150
860
736
171
712
21
299
405
16
279
75
716
197
522
552
454
372
338
613
978
49
730
815
144
579
3
510
106
852
646
576
2
506
665
173
218
686
824
975
55
103
51
771
652
925
324
106
297
14
719
276
415
801
443
911
381
798
421
839
650
419
767
4
925
432
530
143
119
354
471
174
810
522
297
462
447
973
921
744
987
640
372
754
442
167
665
175
317
438
14
319
857
133
324
782
566
854
278
37
560
749
563
370
623
860
185
422
834
106
166
173
98
891
928
540
410
593
67
728
32
81
47
241
215
371
24
133
577
654
170
138
755
85
860
378
945
397
800
131
855
318
305
954
561
585
846
972
178
914
700
562
347
99
804
914
471
180
47
400
186
569
890
941
654
103
671
952
500
823
83
356
493
740
662
55
325
508
379
856
774
79
418
122
530
574
388
353
106
436
754
644
357
644
937
364
747
608
316
600
431
751
308
925
492
970
332
169
830
711
25
957
142
796
79
672
722
819
26
181
607
132
825
965
776
763
329
876
723
997
828
155
748
136
432
592
458
116
114
640
827
139
597
321
287
28
993
362
848
371
543
455
503
368
772
632
483
453
508
207
450
688
714
551
176
498
143
986
614
257
626
793
749
576
114
388
604
459
750
804
183
645
612
686
14
736
318
849
190
178
56
640
218
770
543
394
620
39
380
234
296
359
379
397
935
493
138
891
305
888
48
488
534
660
526
900
748
197
749
938
375
158
931
594
280
474
340
901
513
721
135
162
80
515
911
367
360
49
258
17
290
658
857
176
318
384
428
419
581
529
357
308
687
640
254
968
115
595
869
980
668
356
494
100
223
406
467
936
807
77
953
449
736
811
977
406
547
757
825
128
287
183
788
326
823
43
646
290
990
867
623
10
224
117
110
799
523
577
735
683
654
41
484
390
852
462
797
399
219
974
879
858
157
19
185
333
414
831
623
404
51
598
766
627
716
876
426
591
805
514
274
460
555
759
202
407
573
351
158
792
326
389
651
835
408
188
168
823
371
144
579
422
742
346
49
810
574
828
402
380
342
28
840
897
139
394
656
712
98
814
857
424
555
860
611
963
48
132
138
771
276
70
194
370
768
595
181
342
775
935
722
117
963
914
14
103
309
670
815
759
836
24
535
743
884
146
707
284
278
197
56
906
267
602
629
35
549
162
378
325
97
452
442
60
367
809
515
28
831
683
787
668
707
322
411
944
468
470
228
99
20
636
357
639
238
986
27
140
148
757
465
597
209
259
10
576
68
525
604
900
208
743
920
268
65
331
212
886
154
440
985
526
77
694
165
667
681
192
807
181
949
624
779
159
884
789
87
952
666
44
852
875
787
124
143
853
808
707
91
962
147
428
488
576
122
5
596
803
198
403
337
147
28
116
658
264
257
746
216
923
790
421
150
577
545
645
782
353
352
225
667
852
653
507
428
776
513
24
931
711
780
620
210
160
88
869
424
345
615
992
621
405
413
123
334
311
769
117
664
473
342
684
325
348
191
754
476
704
130
759
767
262
380
978
422
468
847
198
814
814
543
787
219
956
910
553
619
31
22
636
505
717
320
830
65
511
936
541
568
419
300
335
681
32
665
456
501
512
6
667
678
549
454
897
858
716
803
477
748
177
113
253
894
785
435
311
649
724
204
217
143
857
904
176
889
922
632
742
786
991
409
465
540
215
362
398
284
517
228
32
695
341
637
941
479
424
605
128
148
809
697
291
18
953
820
908
875
804
2
662
795
764
127
336
979
841
86
263
359
314
647
406
8
636
699
487
413
304
967
561
466
664
205
484
617
25
744
493
829
747
155
625
511
634
313
842
475
751
458
186
66
457
592
426
94
292
265
507
948
232
420
414
248
977
899
865
2
643
710
184
742
217
161
253
851
826
448
679
577
906
865
643
363
810
421
809
102
686
668
50
270
441
817
518
418
716
736
773
711
798
957
806
16
470
59
219
296
859
898
873
765
116
869
481
926
290
290
380
329
959
782
599
400
599
470
170
667
206
943
731
4
900
537
372
722
948
592
18
808
842
892
573
310
113
54
236
403
697
968
84
8
103
684
408
702
154
930
722
712
874
453
716
126
990
89
849
938
33
867
98
227
111
672
538
224
78
126
980
775
447
64
783
550
748
543
604
254
474
326
966
348
131
35
826
473
476
675
764
861
543
862
88
6
886
978
231
965
105
211
92
904
627
876
454
376
771
58
982
245
737
301
945
220
336
772
694
164
799
458
25
694
672
113
701
559
444
284
876
549
495
968
453
122
844
259
850
968
669
185
213
406
486
511
979
174
635
673
338
434
483
363
481
507
828
182
66
272
466
942
173
313
263
978
787
459
237
638
427
259
175
641
17
661
504
996
835
491
21
173
277
504
888
758
364
716
940
430
341
758
725
514
423
340
845
211
799
434
201
227
693
376
220
711
37
724
707
872
567
729
397
844
585
285
603
949
353
895
732
694
6
809
561
429
149
406
640
948
840
841
527
534
217
747
597
606
823
304
830
390
385
227
235
323
512
190
624
866
437
356
912
443
517
473
873
18
879
865
319
720
59
846
606
628
594
203
235
417
859
65
808
245
645
395
920
509
585
544
727
22
253
640
818
770
113
43
141
345
908
460
417
967
306
23
596
252
578
183
670
437
600
830
34
245
577
954
755
514
851
482
888
104
474
706
226
940
749
367
285
10
179
54
977
838
429
925
90
7
108
112
796
709
294
183
306
871
489
61
385
340
896
626
796
722
332
23
662
434
742
299
444
922
353
773
760
782
699
202
141
807
315
938
868
609
473
175
833
962
588
570
303
484
196
451
207
881
474
221
315
569
521
111
843
226
884
603
9
583
157
502
743
472
792
963
434
265
138
267
228
79
837
883
915
386
334
474
267
161
696
934
730
569
45
573
795
281
528
156
217
685
659
960
510
451
275
944
717
766
563
297
845
752
180
760
138
866
235
757
27
283
43
109
852
440
34
647
722
562
804
939
600
463
251
462
266
526
758
983
292
321
632
489
425
164
250
916
31
837
673
410
120
69
872
972
509
906
971
231
821
775
170
773
590
773
235
857
300
993
192
944
666
825
434
443
989
36
359
372
873
385
783
993
454
655
317
963
913
288
195
734
64
717
507
6
491
94
215
143
439
408
439
105
585
225
549
574
261
260
299
134
645
82
479
99
89
796
63
2
85
610
89
501
327
596
859
170
691
75
665
130
835
105
588
420
330
489
346
592
749
645
78
747
79
910
846
520
706
261
875
143
871
964
996
551
912
856
73
955
283
739
438
118
196
26
890
878
867
588
822
968
586
901
715
17
811
562
538
869
175
765
365
399
729
361
950
993
569
375
949
204
114
387
674
662
765
916
541
632
505
363
952
91
616
668
460
779
582
998
649
757
115
366
156
844
79
458
838
1
834
139
205
300
526
232
963
291
148
856
275
653
219
227
96
836
247
557
615
829
907
616
939
23
334
95
219
414
906
409
415
740
548
972
392
74
204
355
717
353
563
344
358
783
924
455
971
171
364
938
353
271
907
292
646
241
387
866
655
645
275
422
385
824
395
778
250
599
485
320
952
49
664
663
184
940
118
507
464
834
797
817
105
704
109
104
298
848
970
953
494
245
728
231
421
123
361
672
722
847
344
27
248
360
690
784
301
160
291
765
994
440
934
451
145
43
555
443
243
525
748
737
123
476
321
896
951
682
920
674
881
264
53
129
625
95
265
278
255
908
43
601
349
329
52
846
372
960
641
967
837
389
57
312
218
378
209
169
60
129
195
942
394
248
423
371
695
689
649
950
949
44
903
298
373
308
144
97
268
785
64
457
527
121
770
97
851
979
266
912
460
814
206
854
414
981
225
110
22
226
412
972
270
316
622
643
624
119
740
244
256
157
701
783
630
823
232
482
802
851
746
615
665
304
821
79
285
47
541
308
273
954
632
896
270
254
539
246
373
632
490
982
141
191
117
771
367
350
253
521
201
351
136
218
655
958
649
293
357
191
953
982
145
585
878
415
191
418
661
917
402
503
899
543
46
16
314
413
718
920
935
919
623
71
137
279
29
139
924
386
330
877
369
475
814
247
242
5
17
255
274
771
758
173
314
156
542
981
570
260
901
505
532
876
928
21
155
958
160
79
696
490
308
417
317
122
17
911
128
34
166
402
158
276
928
472
785
822
805
355
82
58
212
966
935
140
988
90
98
500
522
147
991
830
564
660
305
581
572
433
968
90
187
126
719
467
950
504
289
756
859
724
814
71
690
749
211
30
192
662
531
66
809
874
248
373
534
553
307
106
338
627
549
526
753
268
993
55
772
635
811
631
711
978
54
753
79
617
784
271
279
667
689
440
541
938
166
75
491
473
534
830
100
83
708
205
351
53
260
123
688
424
106
751
402
512
505
481
129
289
105
761
956
794
201
497
84
367
924
576
192
458
758
644
893
466
849
244
519
462
719
560
238
177
311
640
41
816
473
171
457
930
284
413
77
485
262
161
205
539
89
397
349
847
42
243
665
243
839
537
57
559
97
295
88
760
287
130
929
113
653
386
43
937
152
472
774
766
634
979
305
75
729
655
923
123
250
940
366
89
477
424
0
926
719
89
687
7
571
968
120
224
706
515
161
210
988
287
329
974
267
634
49
996
641
324
471
891
265
837
333
742
613
333
21
685
774
60
692
345
28
164
569
86
31
82
297
371
370
626
697
989
612
99
337
254
423
808
497
40
645
830
135
611
516
156
296
290
216
340
636
244
856
557
330
887
640
979
611
362
605
308
703
570
407
40
176
183
848
673
223
845
856
358
456
724
514
104
14
82
444
2
678
652
560
9
540
552
340
503
266
298
163
969
868
571
9
44
106
209
69
329
54
925
40
863
1
906
967
16
989
764
18
667
416
930
28
308
482
369
811
748
19
327
717
887
898
78
931
4
287
0
685
694
278
77
557
279
984
876
647
325
992
18
344
409
948
373
69
431
94
233
531
113
560
601
0
810
679
283
166
319
283
851
13
913
929
922
545
265
798
192
590
143
210
286
552
159
659
973
942
105
206
825
570
766
778
922
576
458
205
94
129
841
946
142
754
227
416
299
844
214
844
786
709
54
72
613
565
84
587
859
189
145
685
760
912
463
34
840
273
240
935
754
81
233
896
187
812
312
839
8
879
683
794
940
737
866
554
655
302
141
514
844
286
551
956
550
367
990
743
640
230
30
747
663
615
643
851
779
308
690
787
539
373
581
479
462
799
385
117
102
526
984
946
165
535
902
67
902
244
810
895
475
192
642
138
159
637
341
938
297
383
725
188
108
306
20
571
458
405
40
912
284
376
858
449
912
112
516
166
708
679
413
183
223
407
674
383
397
367
321
694
751
47
235
211
705
255
782
163
660
175
75
944
551
285
745
815
749
614
334
458
293
747
993
516
155
667
899
904
387
573
598
138
620
185
349
325
440
484
841
453
11
916
749
914
202
847
730
303
461
64
761
106
163
755
974
670
774
226
574
161
799
525
651
419
710
353
96
503
189
937
308
552
206
409
466
760
256
548
63
69
964
177
175
128
284
150
798
58
728
725
572
527
250
575
298
312
928
746
815
469
684
475
21
242
885
488
2
493
388
65
563
353
594
90
481
878
592
631
289
320
356
861
199
606
788
849
919
717
596
86
538
632
914
560
874
799
400
228
644
788
293
559
141
240
650
974
118
594
606
759
267
962
972
466
921
761
316
192
830
264
630
368
896
544
280
122
695
680
350
340
821
995
899
962
235
901
937
706
848
895
465
115
857
790
933
130
551
601
322
381
865
953
749
113
497
382
587
545
62
937
885
883
285
136
198
520
390
135
578
238
30
396
353
239
186
638
370
737
240
44
470
105
997
571
571
847
953
158
392
368
448
629
251
733
765
449
605
507
936
536
745
318
932
450
910
470
89
280
559
329
676
29
786
674
952
709
873
906
868
617
274
668
246
877
401
363
679
358
871
967
894
616
286
826
67
548
648
508
180
207
837
856
588
975
882
541
685
755
447
905
372
73
925
618
302
326
982
981
36
205
949
931
821
587
109
240
135
758
100
315
965
289
171
906
265
54
447
302
161
246
559
534
319
484
504
621
162
838
955
198
43
904
129
217
843
591
457
978
349
910
645
666
199
168
572
464
574
19
118
736
617
677
622
288
513
126
262
675
965
217
226
360
473
355
577
316
946
387
646
647
297
643
666
496
811
238
313
386
610
431
474
227
461
96
516
974
222
130
2
539
347
228
900
820
935
477
488
234
216
486
881
513
129
547
362
940
138
675
678
100
458
152
679
919
248
547
246
823
677
600
362
376
828
262
196
115
92
36
349
308
522
583
174
3
482
536
944
972
563
974
72
21
127
104
293
375
3
539
198
681
491
913
57
319
527
606
786
619
994
136
280
517
71
806
520
553
342
816
878
905
791
302
278
270
406
571
997
410
462
548
443
953
461
852
624
988
458
411
960
453
899
240
322
970
46
194
875
740
363
105
997
506
408
275
776
814
199
773
576
661
321
19
967
134
872
591
123
682
2
83
487
253
675
161
575
721
356
803
813
71
908
810
577
316
437
353
483
988
478
59
2
800
431
969
934
655
560
409
689
915
492
177
168
167
338
96
240
46
899
405
117
807
567
694
476
5
399
959
345
878
370
347
678
801
316
964
808
877
374
498
144
218
27
664
738
717
760
978
764
11
736
881
819
303
928
295
660
327
606
6
205
976
353
235
130
670
552
290
899
278
788
395
496
167
59
234
885
172
565
1
183
301
234
2
956
162
649
617
842
607
623
399
584
976
987
66
998
539
356
249
817
497
644
665
664
56
252
901
228
169
902
763
822
137
766
778
651
767
395
845
375
18
245
311
347
232
377
697
123
85
299
940
582
943
957
599
351
209
500
931
378
755
695
200
244
813
979
895
932
726
741
307
745
338
970
444
570
699
493
693
785
792
985
719
88
942
318
439
504
171
723
882
278
418
435
522
231
414
769
163
140
862
823
237
200
145
33
122
845
527
815
982
671
152
701
759
447
372
551
951
895
274
833
173
692
620
695
275
34
464
438
527
679
613
116
879
759
502
2
956
381
169
290
52
322
991
812
769
715
363
720
962
637
905
135
329
526
182
604
912
999
394
791
678
8
260
557
119
762
911
427
143
81
717
195
403
60
7
524
776
722
596
738
359
853
226
40
379
408
996
644
407
743
435
437
103
47
995
222
809
906
649
304
339
718
500
94
778
859
618
554
582
566
645
293
420
223
686
799
631
682
795
391
425
583
828
528
630
175
102
792
434
103
96
773
821
596
868
600
808
838
506
390
405
503
35
825
726
721
976
710
404
124
453
181
707
281
62
337
809
164
481
595
620
578
368
441
174
588
393
982
779
252
724
184
755
760
361
834
833
689
544
237
813
349
771
520
630
833
210
791
349
691
386
969
269
107
763
796
47
508
130
826
760
207
10
516
319
723
702
152
413
598
742
226
947
513
747
577
698
309
721
47
352
107
369
622
566
132
770
614
640
252
440
753
459
803
269
778
526
323
931
291
921
673
518
868
538
617
797
236
278
518
283
630
978
4
604
544
488
374
510
481
979
951
234
438
106
855
569
632
178
500
924
99
525
794
967
63
763
764
651
41
635
934
671
613
291
276
509
779
2
20
260
981
323
494
772
429
349
341
413
527
193
689
978
718
483
945
133
598
62
784
639
697
70
311
662
361
939
523
493
293
895
753
627
570
600
399
999
949
92
413
829
285
454
807
355
290
105
488
888
519
624
528
216
694
191
230
408
482
105
901
775
353
6
754
923
606
153
923
908
245
688
737
882
142
896
237
784
1
77
673
520
701
553
88
748
744
670
508
578
128
409
353
481
767
108
404
374
613
327
282
211
367
371
445
862
267
683
646
621
112
319
493
814
872
582
914
968
604
422
546
732
183
252
213
950
712
618
676
677
297
958
888
665
329
686
527
597
369
525
570
481
197
63
647
421
645
913
390
602
335
288
334
870
540
900
821
252
518
497
930
167
808
170
832
137
856
711
86
577
589
656
411
786
720
410
207
717
324
597
319
11
886
6
882
778
906
703
383
776
552
665
943
712
187
776
202
396
839
288
973
428
297
736
214
369
147
422
438
823
371
110
834
609
116
716
740
374
771
123
150
676
788
93
388
327
221
590
723
61
231
697
841
528
785
408
249
284
182
687
107
553
797
942
515
265
10
255
639
782
730
789
458
518
235
846
845
456
789
921
869
20
970
711
548
755
119
149
40
653
836
499
558
986
793
73
251
804
680
891
938
410
32
748
280
267
946
478
724
735
399
593
755
369
656
655
476
127
156
868
780
993
368
339
979
513
764
582
669
797
825
959
207
858
707
840
125
6
318
201
741
69
147
849
790
803
856
266
283
13
487
63
358
855
754
689
720
519
271
742
316
97
701
875
955
409
715
432
415
385
634
508
806
133
709
596
936
918
215
219
931
702
635
641
909
389
330
981
260
601
723
928
698
425
156
5
186
223
790
953
961
776
461
767
909
523
716
197
441
283
769
724
337
404
365
246
145
695
227
758
648
303
38
699
728
194
704
914
770
846
867
731
622
680
850
531
555
918
81
996
553
850
72
890
606
437
136
751
484
716
861
133
19
900
184
99
446
240
365
568
87
232
651
709
264
502
593
172
772
674
168
326
524
593
216
130
382
705
233
867
773
95
352
144
347
536
243
145
128
608
66
215
192
717
277
808
571
870
980
696
544
501
22
420
94
590
902
828
647
135
47
420
582
399
916
281
287
511
779
768
471
845
983
15
914
260
824
838
130
156
534
26
657
556
798
103
498
700
284
146
188
331
918
770
83
835
404
722
346
535
490
170
732
474
185
646
86
9
484
217
518
370
595
175
278
394
631
777
446
267
275
634
598
193
757
681
28
161
404
727
696
894
897
780
720
434
426
807
444
263
376
314
633
323
841
912
69
472
689
516
739
964
150
690
509
259
371
890
772
127
969
820
374
866
600
446
652
27
253
448
642
981
762
275
305
604
539
374
76
580
890
168
896
393
210
406
652
581
296
777
61
265
597
787
483
198
233
135
577
487
584
219
468
346
846
773
950
386
500
379
318
390
899
215
135
109
621
788
42
917
917
455
534
514
242
369
712
476
504
641
315
440
212
783
139
59
909
441
797
409
172
115
151
71
330
287
532
303
427
927
572
344
382
106
858
977
475
923
453
332
564
768
124
129
903
263
188
164
57
337
925
229
452
77
301
135
716
185
438
143
112
11
839
847
469
49
824
297
324
629
981
241
397
105
370
652
721
558
817
778
247
94
7
51
523
660
186
239
846
977
734
310
988
573
509
809
975
333
106
299
962
87
540
711
193
910
716
266
820
533
44
67
979
403
119
503
64
657
742
262
634
477
924
974
402
434
784
729
119
890
29
434
330
921
145
875
184
861
141
4
746
537
424
726
940
895
229
356
552
323
618
539
152
895
513
907
329
649
636
800
892
17
234
222
939
380
97
123
593
590
479
692
127
903
770
419
798
999
776
703
674
746
242
827
641
107
734
322
757
722
123
1
740
357
223
679
89
672
154
35
614
633
727
93
537
497
512
687
848
288
390
522
387
984
701
380
444
787
703
553
510
178
554
602
535
129
281
977
801
435
12
767
68
91
860
957
588
372
645
788
13
387
310
752
724
364
132
520
503
835
73
13
365
627
967
253
108
248
230
909
35
594
28
456
685
888
765
625
612
762
413
625
502
75
377
578
791
510
98
295
697
171
660
63
150
628
316
258
228
898
519
616
492
547
72
529
787
189
506
399
952
919
377
806
346
754
384
138
616
482
433
666
5
93
81
507
73
749
117
302
647
636
918
491
535
342
372
674
531
878
73
835
797
450
641
495
557
25
633
525
859
418
191
864
864
272
723
937
21
840
591
20
828
509
511
363
203
883
37
735
761
463
922
910
265
916
406
822
941
391
348
153
810
891
369
674
164
93
963
537
933
555
558
762
416
69
477
620
953
867
707
66
682
629
977
947
545
735
122
839
126
470
344
288
361
713
314
877
158
278
415
444
185
973
558
601
394
387
221
699
254
280
766
288
910
95
236
807
830
358
998
308
180
694
597
893
408
911
771
918
189
538
362
726
863
272
328
257
660
901
957
914
182
723
203
92
170
791
251
352
149
602
660
681
296
257
574
56
521
697
975
62
235
689
789
450
962
117
708
622
18
665
888
200
740
443
644
910
234
248
262
735
850
922
768
498
532
695
555
53
392
882
115
980
923
904
430
237
373
490
211
392
155
100
944
895
895
589
157
482
837
771
569
39
694
338
537
578
33
444
983
777
678
450
109
954
707
892
191
80
382
403
824
890
855
769
785
750
710
295
584
899
66
154
938
112
844
827
690
229
624
25
358
302
476
468
256
535
712
800
615
94
203
792
984
58
913
122
160
623
769
745
522
835
251
812
948
95
991
990
676
615
368
34
270
844
854
878
731
566
678
698
13
881
490
349
291
403
823
804
378
592
549
252
780
152
416
728
599
408
70
275
375
438
661
645
634
516
524
365
434
202
64
447
436
554
149
79
310
324
883
688
917
784
293
697
936
709
777
887
117
847
162
493
638
824
490
272
692
14
990
126
569
54
926
357
960
427
436
622
751
320
663
20
104
956
717
393
17
846
280
135
46
795
980
684
971
470
308
663
837
650
141
758
704
67
115
17
846
551
991
598
223
654
618
680
962
688
73
980
534
705
467
932
500
447
968
471
269
629
486
106
279
628
864
336
47
331
353
894
883
696
492
458
351
462
138
313
150
563
645
37
269
112
321
121
559
290
945
181
919
431
639
550
411
504
886
459
187
591
705
422
288
197
881
639
11
19
304
514
583
950
903
204
414
224
325
326
866
270
507
137
54
146
688
465
2
574
924
190
166
629
612
806
178
493
797
542
865
101
56
448
403
959
4
170
535
329
496
402
952
3
891
6
149
579
471
504
506
748
694
24
729
306
830
260
152
627
802
17
80
210
817
836
521
173
6
56
502
502
810
806
857
702
812
358
633
636
862
139
736
556
163
465
215
345
725
719
972
879
88
405
89
257
241
610
430
599
19
284
453
829
91
310
883
255
668
517
243
531
8
979
439
524
445
6
869
522
725
842
402
165
599
491
422
840
102
204
439
121
489
892
302
932
554
538
539
574
55
783
105
415
762
897
939
207
255
809
82
333
3
484
498
602
327
273
794
781
477
585
254
318
829
557
250
383
95
142
957
502
925
415
269
687
664
209
247
919
370
329
252
725
165
103
679
492
376
473
274
853
410
528
172
239
437
774
974
532
916
283
386
193
50
656
233
714
217
480
986
587
161
238
312
678
693
991
170
69
816
444
923
226
325
447
465
762
221
439
647
490
74
33
683
125
41
916
839
258
748
825
845
261
416
509
939
109
500
462
531
668
258
454
894
583
901
359
346
474
150
345
316
577
378
0
702
420
268
541
30
369
719
876
982
487
385
922
948
238
384
479
906
642
285
801
578
538
512
276
13
15
621
329
592
351
681
294
123
302
187
154
671
258
382
653
97
767
927
398
357
663
877
616
658
515
769
236
53
633
512
66
648
485
748
592
836
429
238
312
731
778
466
754
36
848
408
486
967
687
884
677
351
113
293
361
628
62
597
682
695
461
100
696
298
848
640
486
278
231
798
361
9
264
116
397
464
876
883
784
563
767
461
266
881
754
627
861
168
576
543
215
389
644
911
687
492
904
174
122
135
324
484
144
589
952
541
405
828
777
189
743
896
650
362
129
756
341
991
276
918
534
492
659
530
403
699
23
307
225
497
442
549
333
938
490
285
832
896
465
609
437
209
857
440
571
987
196
912
978
473
182
512
317
194
395
720
893
418
380
118
267
174
19
601
465
510
238
297
758
704
258
547
913
467
987
836
454
536
100
432
361
635
297
678
829
692
750
74
462
482
544
81
9
563
682
474
425
921
123
535
625
381
83
890
200
70
726
655
958
826
439
319
813
736
349
642
780
100
716
594
934
260
676
943
176
710
417
601
983
540
137
960
273
572
850
474
994
928
481
953
107
920
624
920
9
974
915
789
426
631
736
360
244
764
656
420
474
73
373
810
966
862
770
591
434
973
417
781
901
898
734
360
819
710
633
180
36
548
321
814
179
57
527
775
821
183
195
648
608
921
458
574
783
580
518
570
553
935
351
807
186
437
167
357
147
800
537
536
348
858
350
880
916
877
7
89
412
555
737
21
476
547
947
611
128
465
181
33
753
884
840
291
321
360
648
821
512
185
357
213
395
59
93
311
289
452
753
701
7
842
722
483
390
22
95
870
839
628
903
592
513
744
235
186
456
883
7
968
420
716
181
816
776
626
479
65
79
232
766
86
75
841
922
817
863
369
687
54
997
590
999
862
686
234
49
142
118
56
463
538
773
644
354
901
623
186
966
702
418
84
140
845
925
62
662
140
431
701
547
781
644
546
643
682
780
692
177
898
101
640
789
874
636
495
775
259
681
93
313
452
177
454
297
455
868
312
947
652
13
494
433
9
392
76
692
173
121
869
423
222
509
212
96
145
60
223
757
741
668
70
193
197
876
843
4
745
507
304
397
872
150
182
882
543
258
574
716
379
443
139
601
304
704
49
801
764
624
558
857
644
981
403
842
857
246
198
954
753
502
351
977
653
885
859
196
144
433
264
875
228
403
829
532
459
230
334
223
207
244
433
851
225
836
45
435
82
244
389
187
98
93
164
751
978
376
299
474
809
563
350
390
319
531
922
130
761
608
706
320
853
139
172
430
975
569
865
409
813
255
948
264
348
112
15
678
840
667
153
650
582
503
40
253
386
314
384
499
275
90
820
128
229
992
910
204
913
776
613
79
383
561
343
731
25
358
761
866
377
914
868
960
769
260
213
155
926
597
655
201
39
475
681
268
819
592
824
732
368
789
811
103
350
154
186
728
865
947
946
242
862
166
554
631
778
120
787
704
69
794
906
109
269
939
377
440
531
554
172
251
343
336
354
46
842
540
774
59
488
72
654
702
238
208
333
16
328
472
72
398
266
330
507
887
270
236
327
801
142
852
405
486
540
111
532
382
4
658
442
844
82
96
546
672
656
879
688
985
352
112
735
618
443
594
858
713
182
185
866
325
389
623
811
929
735
695
312
739
705
106
583
787
554
129
459
210
360
499
195
712
611
282
683
406
876
541
119
59
78
338
384
468
961
547
397
48
594
61
787
651
519
722
438
73
203
249
284
564
100
831
628
63
114
663
470
990
556
941
401
987
279
137
807
241
684
204
289
630
618
429
281
137
503
71
211
59
672
495
975
124
326
603
188
792
619
10
783
527
951
184
514
231
322
321
824
358
878
465
341
848
246
974
985
750
46
548
809
70
395
784
195
74
739
735
866
710
745
1
238
696
538
104
279
860
778
455
570
8
921
911
856
167
886
193
269
284
94
78
706
489
214
901
915
306
636
782
16
381
783
606
430
321
63
709
533
193
517
456
201
438
367
409
957
605
954
227
241
48
657
948
890
872
201
805
530
190
587
546
923
723
505
353
396
568
415
282
113
932
738
314
722
457
75
679
63
381
258
656
782
916
956
672
140
158
477
670
700
417
568
623
492
73
329
240
993
96
522
106
380
260
772
102
718
199
781
133
581
392
141
363
308
98
35
448
608
864
470
308
633
38
283
477
464
612
718
809
708
240
916
88
853
40
542
571
240
676
704
821
68
845
536
376
295
923
176
903
139
998
563
773
388
847
602
852
811
672
662
520
265
930
960
118
970
503
689
562
179
745
383
247
942
919
975
590
194
151
493
334
501
409
459
889
608
61
742
419
734
756
291
999
38
252
469
360
107
158
923
638
255
658
885
549
930
212
139
124
715
985
458
216
394
917
105
2
331
199
773
65
307
65
416
345
669
885
58
776
395
981
766
2
639
3
551
921
215
691
46
930
28
504
498
422
774
603
776
105
155
901
522
462
966
290
160
987
527
570
763
274
551
881
276
542
884
827
464
99
870
862
381
898
718
879
672
492
835
800
949
990
702
471
804
20
113
316
8
640
886
123
914
789
5
542
684
889
370
500
989
592
362
722
843
80
602
515
925
789
316
874
131
370
698
935
390
163
604
398
804
842
522
70
984
527
613
668
416
335
168
757
279
530
480
122
962
434
638
887
223
306
114
354
676
164
641
418
327
597
817
483
440
691
906
424
218
519
92
986
206
612
744
485
494
576
960
456
10
598
696
233
256
810
939
284
326
580
702
653
178
871
137
970
562
43
394
780
914
838
119
472
802
215
309
296
791
269
104
153
219
800
738
475
962
677
759
288
609
814
294
139
685
783
109
248
178
855
380
444
45
851
916
199
66
577
495
857
847
952
10
66
752
100
894
67
777
5
707
739
171
353
878
857
136
340
457
666
195
189
110
593
41
378
792
107
956
640
965
803
592
327
221
344
428
467
763
557
473
823
296
644
176
527
853
313
867
310
979
414
500
442
7
541
820
800
0
776
440
317
931
32
645
505
728
425
972
844
334
797
667
983
794
843
510
647
508
377
310
840
791
162
282
151
55
454
951
55
231
743
373
162
127
370
667
207
147
992
51
481
789
718
816
583
914
326
583
774
55
245
614
847
407
248
998
814
703
301
221
286
44
594
800
523
316
820
730
463
812
782
297
601
852
465
537
118
792
472
893
847
717
859
46
476
460
44
290
515
697
511
801
93
458
601
616
126
421
699
942
233
481
591
187
685
56
76
804
848
548
49
48
617
260
94
93
720
491
735
235
188
598
36
634
408
990
602
535
411
301
477
997
134
68
536
820
124
612
976
325
512
377
373
129
637
819
222
358
310
309
945
851
907
982
485
316
972
439
203
735
741
680
84
875
100
620
47
576
232
375
901
744
752
626
873
742
446
447
100
108
756
45
311
16
379
796
684
703
236
887
439
329
919
523
204
19
496
604
595
728
979
849
825
84
827
50
826
625
498
278
734
606
323
45
974
55
194
658
758
782
545
549
463
464
425
667
835
921
623
783
1
603
632
826
39
811
877
865
437
727
143
171
685
818
568
660
873
114
318
984
248
216
885
711
32
662
379
868
935
354
3
937
309
635
115
348
798
344
213
235
71
708
758
757
527
327
769
752
793
87
88
42
303
974
753
688
636
484
908
572
839
911
861
148
546
328
497
696
673
62
932
96
771
690
205
650
369
974
754
163
414
843
557
69
169
310
757
157
795
665
81
986
576
942
134
474
271
983
171
296
398
103
392
521
145
950
171
515
924
925
30
690
120
587
760
289
249
517
799
396
535
880
382
463
175
869
938
798
204
461
94
602
916
838
123
61
788
646
928
65
924
310
107
44
249
867
686
499
737
485
895
272
365
630
735
540
499
25
338
703
838
784
658
754
623
781
168
763
780
448
180
704
111
288
748
360
507
786
211
244
271
459
868
989
89
956
529
588
333
220
643
172
356
653
926
331
787
446
95
567
247
627
271
358
267
371
70
775
158
282
371
429
741
240
418
830
548
300
770
881
872
765
53
228
419
332
560
206
130
7
773
377
986
396
87
254
767
158
381
925
792
752
707
533
344
477
715
892
777
837
126
1
602
179
230
373
863
142
931
994
501
56
723
487
452
811
741
220
969
474
497
761
579
204
646
923
682
713
168
811
550
294
165
504
825
747
230
689
889
161
35
390
218
758
229
670
569
323
242
890
797
92
3
376
296
1
652
330
66
820
494
968
466
659
473
291
406
55
332
647
216
367
37
786
478
618
809
399
941
403
642
91
495
645
467
792
999
471
474
65
291
968
34
109
627
859
401
385
266
85
32
834
453
421
621
283
40
782
682
333
185
324
424
681
322
892
825
673
363
651
738
7
620
124
468
599
335
221
337
953
307
369
788
112
791
409
395
183
543
77
516
728
754
941
761
76
185
938
749
900
590
839
259
562
316
728
513
3
949
850
957
256
572
745
720
363
506
115
898
49
193
414
129
299
707
891
375
892
181
476
145
771
667
404
333
335
484
847
339
434
49
296
42
621
393
763
336
251
878
234
652
423
1
781
74
60
24
801
305
206
277
450
977
297
206
663
632
691
862
323
477
911
619
519
885
364
634
221
615
865
808
267
640
161
401
715
221
777
516
526
983
146
328
313
795
535
328
427
226
190
751
703
453
722
574
338
439
561
912
406
426
720
26
418
881
427
133
454
556
2
981
892
500
661
205
295
196
885
74
774
427
177
829
880
900
404
571
691
965
835
97
743
555
123
161
788
902
647
242
459
1
575
351
501
237
908
796
785
793
222
560
220
400
389
452
652
145
375
343
462
210
440
205
117
916
719
257
818
718
852
277
719
427
980
220
16
888
368
802
33
590
362
605
990
751
410
994
249
785
337
711
348
778
269
817
694
988
75
864
706
927
142
425
706
474
997
723
363
365
525
748
307
239
354
650
990
764
644
239
901
982
303
601
112
572
419
158
560
846
22
618
125
516
395
831
991
392
906
706
109
783
454
768
22
808
418
365
924
415
956
826
397
259
427
861
831
846
19
743
44
393
361
169
910
108
353
253
852
611
959
961
395
765
730
417
926
500
782
850
915
739
676
664
350
104
525
182
302
896
925
699
290
639
868
200
747
573
805
600
185
116
913
932
881
995
349
807
496
484
10
763
575
686
428
925
142
953
459
797
850
385
496
140
376
716
692
475
642
497
75
827
965
341
111
846
336
460
6
184
296
16
948
223
54
376
149
549
329
608
346
531
345
194
23
721
910
715
197
552
564
624
731
881
965
842
728
654
655
86
838
303
454
786
527
860
162
676
409
844
636
107
727
982
301
751
55
564
818
604
468
735
581
200
616
546
394
696
552
401
782
391
705
588
529
232
449
692
260
210
888
248
318
615
582
971
366
638
535
537
594
4
272
175
556
888
74
950
585
626
352
719
369
409
308
899
993
109
591
253
319
831
853
989
446
436
961
165
426
496
702
20
500
974
196
408
214
270
359
151
248
63
223
618
824
531
517
817
992
460
422
311
643
275
301
89
711
262
606
137
110
308
158
963
634
706
371
201
328
82
352
576
497
575
546
321
458
415
138
450
227
560
114
870
188
767
960
899
381
918
389
491
227
899
454
213
957
178
414
285
260
119
213
758
694
112
431
505
527
570
307
755
482
421
625
670
540
937
922
921
856
663
413
435
562
219
648
519
749
415
156
362
534
369
472
580
481
903
85
361
825
393
116
308
166
93
330
707
383
604
980
239
267
393
26
829
965
26
700
66
441
856
428
975
578
900
556
59
804
993
420
629
738
888
289
905
982
620
964
365
576
944
956
844
690
982
25
7
8
726
73
802
934
502
777
512
402
685
572
558
679
344
188
417
585
829
674
567
801
638
284
378
935
240
574
625
574
599
632
934
677
705
736
612
559
866
124
962
551
48
872
230
745
412
648
330
242
322
249
43
313
533
773
248
125
347
873
51
947
857
337
976
914
74
588
474
940
65
788
843
465
660
74
562
73
74
244
667
396
493
710
61
378
836
309
855
183
534
906
482
743
596
459
658
670
399
484
962
816
272
805
282
284
231
196
709
305
441
728
54
286
439
115
665
627
777
520
810
311
779
293
55
375
104
65
397
503
549
711
320
173
868
954
809
100
502
519
757
943
247
811
230
38
279
247
17
56
119
828
367
250
473
774
977
577
191
726
80
740
437
752
265
658
58
75
110
561
946
867
856
545
679
438
936
958
685
953
366
805
781
85
407
254
860
385
183
51
111
616
144
549
368
409
559
779
836
669
340
782
536
548
680
567
987
616
877
24
569
243
181
703
681
589
309
541
974
493
944
85
461
440
986
829
202
545
960
38
566
652
173
455
201
853
374
540
821
252
564
742
847
746
797
528
335
107
421
309
952
718
746
413
158
733
594
712
630
907
751
197
559
276
4
760
481
378
652
302
982
217
44
182
963
842
62
650
301
836
311
605
554
57
370
64
142
316
777
773
223
880
322
783
508
678
895
989
56
548
643
391
117
39
573
80
233
635
82
534
471
393
491
377
450
861
794
945
178
923
718
401
155
392
184
663
422
432
4
478
980
647
869
97
686
794
529
920
430
611
806
253
356
298
983
806
511
777
103
689
700
173
91
207
565
627
870
339
411
226
818
391
225
39
840
911
834
721
183
616
684
342
221
40
992
204
199
503
981
302
193
33
476
636
240
393
615
462
733
27
688
903
770
913
942
611
177
128
684
712
744
369
54
966
761
46
522
960
902
856
615
95
889
91
731
482
484
346
296
569
725
985
472
496
250
767
107
779
895
143
492
992
512
898
310
274
297
184
586
199
40
201
646
282
292
729
764
129
75
60
50
801
397
875
649
0
642
756
779
889
251
623
233
764
522
895
390
171
80
976
370
120
530
368
402
174
97
518
655
524
931
706
677
328
581
326
328
575
434
460
464
686
83
698
450
957
593
192
128
25
520
850
146
50
218
900
577
315
419
232
840
350
290
517
30
871
196
711
798
630
523
263
316
606
313
118
564
258
310
44
284
183
895
782
585
465
682
162
133
453
395
325
803
37
194
186
909
390
249
59
21
772
322
689
378
987
808
294
598
470
691
234
653
586
16
591
403
50
753
536
504
500
861
659
538
408
845
799
798
446
858
171
218
533
861
949
872
669
595
470
139
286
56
145
224
72
88
628
123
841
516
979
694
730
638
584
138
836
383
936
282
593
460
501
478
321
802
703
990
397
525
481
684
582
978
908
6
66
888
129
260
405
108
954
487
99
538
625
935
273
913
217
218
373
70
49
694
872
752
36
270
277
870
306
859
848
566
218
915
455
699
527
212
160
481
699
259
371
324
194
996
589
763
214
315
834
263
9
706
367
398
328
645
268
986
856
116
553
74
383
360
774
910
572
934
743
623
545
466
299
739
462
888
502
677
203
688
292
565
747
660
963
427
657
231
414
865
699
319
940
435
679
66
345
603
352
441
226
249
907
877
988
370
765
842
399
321
883
43
886
630
703
201
57
712
784
823
578
483
142
870
918
173
288
616
128
640
409
354
241
316
583
229
38
349
423
789
22
306
833
260
288
536
461
346
249
597
169
179
80
664
49
351
189
337
319
318
329
728
24
570
396
608
151
787
309
926
576
331
233
409
591
521
946
404
219
547
1
741
78
433
405
127
784
594
464
455
264
145
183
289
67
932
897
218
719
206
144
295
537
729
705
480
603
3
884
174
902
237
915
980
670
672
459
455
619
923
262
883
420
446
172
487
730
69
57
449
275
201
96
164
283
153
996
886
508
880
412
410
117
328
742
140
0
201
947
619
476
209
503
896
7
675
735
737
97
792
538
724
346
987
241
629
140
237
867
649
118
279
411
587
959
154
727
960
355
674
931
184
884
786
80
243
814
168
981
911
960
871
987
306
858
228
287
999
466
506
0
936
138
411
875
97
917
603
409
273
629
341
457
865
127
889
109
293
57
442
204
370
313
544
28
172
772
316
171
590
174
523
878
312
934
754
410
852
709
819
477
338
512
286
556
640
527
17
933
937
459
490
307
772
34
687
944
158
3
467
101
530
990
979
842
277
733
252
481
442
424
310
133
936
948
41
928
475
58
214
764
517
56
423
641
442
111
586
600
466
405
701
996
748
681
839
25
766
443
858
561
867
520
694
156
468
87
84
295
145
298
60
14
354
483
655
796
946
593
749
413
999
802
761
747
835
952
124
602
396
334
163
615
854
209
771
322
648
208
617
793
506
29
159
213
513
814
361
811
408
110
224
759
265
338
506
100
290
982
702
686
668
217
654
522
778
425
196
426
985
165
571
492
195
730
57
60
897
770
871
657
881
448
416
498
786
274
598
76
256
653
115
276
222
769
798
1
546
346
779
532
511
703
376
706
785
433
766
682
203
638
339
436
438
755
934
224
29
885
300
637
538
415
265
760
184
63
113
83
761
245
615
273
948
991
979
733
776
98
768
331
88
459
120
526
215
406
750
596
291
402
586
181
818
851
294
354
267
407
437
28
4
52
301
952
395
633
38
523
83
158
855
171
617
327
49
832
733
151
781
377
553
367
558
371
570
852
726
837
612
515
218
616
568
871
921
315
856
959
839
939
469
46
462
86
373
863
271
458
14
52
187
568
771
98
939
341
302
17
531
914
533
101
883
453
972
804
768
829
115
607
120
584
653
583
22
378
446
293
189
461
345
376
381
468
826
320
810
129
690
693
395
223
794
630
28
766
434
796
947
901
404
68
837
409
3
860
140
801
153
681
614
851
409
995
319
236
668
481
717
358
174
112
933
320
743
961
439
529
757
386
783
513
806
620
275
809
832
415
963
338
448
577
189
857
925
860
93
593
342
810
951
868
275
884
189
370
197
628
899
954
366
682
820
173
655
95
334
839
862
297
177
310
227
718
519
152
579
613
745
273
775
48
493
402
284
682
772
481
662
672
787
29
706
959
554
713
54
240
553
268
890
730
930
117
801
450
621
732
415
718
5
542
118
498
945
402
533
717
235
195
389
374
576
448
334
482
161
740
723
714
361
613
797
291
82
598
93
703
330
508
421
687
403
891
537
348
293
70
65
880
618
807
254
546
255
940
29
768
681
752
835
42
365
632
685
447
230
779
502
912
639
275
951
42
166
488
742
459
911
808
691
529
967
945
75
574
238
104
342
919
208
177
313
925
161
998
372
743
129
226
655
121
501
606
515
667
447
258
478
358
418
169
887
385
467
314
959
57
771
653
976
979
183
641
905
344
991
629
88
121
856
95
594
709
702
109
377
501
367
207
859
785
729
98
522
548
764
833
605
535
487
933
867
670
574
124
366
565
105
454
686
313
550
280
23
604
742
752
105
109
959
316
247
40
766
121
588
530
955
193
66
794
126
285
816
700
409
182
618
514
637
656
828
539
937
203
495
31
955
952
492
266
268
739
307
34
861
895
564
168
441
982
962
567
619
778
620
28
960
238
895
949
894
75
488
183
278
983
566
233
287
59
851
555
798
158
941
11
406
858
179
847
840
493
766
460
271
386
840
232
976
87
533
223
162
374
758
440
709
325
25
997
736
877
552
886
387
494
898
793
704
429
640
896
275
759
708
546
497
549
130
474
636
664
49
151
38
159
591
747
836
969
744
572
198
649
459
585
495
709
731
199
490
723
95
765
482
804
312
980
705
794
806
693
458
207
844
848
366
788
596
555
109
692
127
307
341
938
244
836
999
327
387
490
51
483
255
885
639
919
865
344
714
23
389
172
230
234
21
949
374
969
856
483
661
335
790
355
274
386
191
273
714
579
115
117
414
371
2
53
642
220
749
356
243
138
881
826
724
254
127
98
223
983
581
236
670
723
591
944
462
135
570
176
714
685
645
480
408
999
533
51
219
634
407
815
124
288
993
201
894
120
299
117
455
233
706
125
956
297
422
418
432
344
946
498
29
943
978
438
943
863
489
162
849
248
329
974
889
322
175
783
794
826
253
601
59
959
727
368
256
501
138
41
845
437
891
226
380
870
664
323
85
505
838
935
106
167
261
995
842
788
130
636
614
383
238
26
342
317
394
951
170
884
344
15
321
235
241
54
457
258
377
543
115
567
478
221
735
91
216
577
879
699
565
493
82
803
871
777
472
617
728
642
502
424
9
175
659
251
229
117
861
959
12
976
878
490
198
613
581
766
542
812
465
108
657
548
263
529
677
88
146
757
730
0
181
92
528
192
343
109
309
204
68
321
532
947
163
730
912
96
849
807
908
314
267
566
214
882
447
891
970
945
648
53
946
181
145
474
374
840
583
35
396
4
709
928
303
224
11
567
321
860
374
581
526
641
499
741
524
946
984
846
892
985
899
190
166
396
664
892
236
599
928
632
955
637
913
258
213
924
178
534
784
552
468
662
546
967
403
422
266
740
268
158
77
168
700
595
564
716
488
153
315
768
785
623
757
698
233
970
974
411
857
758
964
325
421
862
644
176
284
910
268
552
420
697
72
120
293
989
836
133
142
504
901
279
127
658
330
360
980
304
124
837
415
88
514
188
950
159
364
586
421
985
138
842
682
563
314
327
552
151
460
46
655
361
325
134
371
655
846
704
312
970
893
727
410
408
915
712
919
631
298
340
968
437
182
651
352
849
330
904
0
791
950
7
504
627
493
228
635
339
932
947
662
825
26
72
233
941
785
504
924
83
845
893
872
379
896
224
228
226
480
228
17
782
587
874
410
80
102
45
772
34
992
434
211
370
506
797
311
643
301
235
79
146
480
303
526
728
880
754
955
360
335
324
143
274
198
905
707
300
950
831
686
294
265
898
664
123
695
327
119
996
914
198
143
747
501
21
475
733
127
430
94
462
755
589
89
305
846
796
958
796
627
644
442
244
542
458
719
589
785
838
