159
940
820
904
150
744
69
126
381
764
63
907
531
743
636
316
53
704
830
936
353
880
641
325
691
304
538
707
518
372
968
678
664
788
934
166
885
355
292
266
472
708
174
3
803
810
671
856
866
501
792
219
733
786
896
777
90
434
484
609
159
452
639
175
240
925
342
477
281
986
744
753
694
270
108
497
432
780
353
298
633
498
869
367
284
117
496
374
903
980
335
62
784
974
238
376
252
932
854
533
918
598
638
965
868
746
462
300
878
168
950
512
18
171
231
302
640
727
28
543
707
364
606
491
690
196
867
942
480
73
827
750
671
817
715
891
564
530
543
794
698
845
306
716
16
537
370
656
264
398
200
323
762
158
166
453
706
386
747
186
459
575
936
483
392
652
374
308
182
918
103
232
763
761
300
132
299
670
140
915
68
692
591
183
850
757
636
908
143
383
94
955
310
383
438
703
387
812
363
921
82
466
505
198
228
805
330
879
827
470
794
895
515
737
430
365
495
418
626
990
154
720
945
464
455
383
519
842
548
883
115
630
701
620
180
929
425
510
160
252
333
307
500
848
44
930
565
891
349
191
882
503
264
827
319
71
563
839
914
463
74
381
93
775
2
626
57
779
136
217
384
821
524
884
21
921
166
939
812
867
482
694
722
746
874
42
818
789
233
84
252
307
817
697
434
819
323
491
951
812
61
335
985
937
571
7
858
89
946
671
309
428
717
31
527
943
425
697
84
10
133
336
317
950
386
752
122
61
595
73
873
656
760
859
594
331
218
452
772
516
475
81
944
545
113
823
840
890
872
925
901
5
613
218
956
351
322
430
413
918
503
286
926
615
497
520
946
715
325
718
231
800
800
528
697
265
703
538
155
576
815
56
581
428
627
889
780
949
319
193
219
174
831
146
789
681
18
87
396
343
158
980
496
310
860
193
575
563
731
82
139
546
139
73
327
118
314
459
419
986
4
639
160
835
137
302
868
507
741
617
851
899
949
347
209
809
540
136
724
624
219
216
522
710
289
201
828
955
660
247
941
16
238
454
204
727
108
72
235
849
689
86
101
638
785
662
799
677
799
524
653
370
740
528
80
381
729
260
336
742
507
278
758
98
84
962
825
192
35
60
41
76
498
142
67
283
805
866
313
956
390
966
326
482
494
758
863
576
18
552
318
877
830
428
975
266
391
801
458
778
213
499
206
64
994
273
347
151
140
660
459
530
979
137
13
473
895
228
49
265
780
719
494
962
148
470
228
891
623
686
669
188
538
875
252
884
501
952
387
641
964
846
523
943
335
536
417
582
117
818
847
897
538
693
212
38
163
440
929
138
479
950
679
369
825
931
605
326
883
992
319
848
190
843
143
525
731
912
107
848
731
306
98
621
999
310
659
515
750
588
5
581
538
684
302
715
616
907
394
851
899
713
51
441
908
195
318
640
107
425
488
190
83
586
811
83
896
822
950
999
762
955
932
652
640
235
720
608
142
114
811
394
179
215
187
88
410
506
80
869
283
920
412
367
507
223
802
755
398
752
106
160
59
39
165
51
626
885
11
768
999
823
514
530
390
702
970
152
208
50
21
491
323
433
210
830
9
12
937
759
116
44
271
528
435
436
579
61
321
591
181
672
766
696
555
156
750
525
308
310
928
681
153
251
467
364
433
828
728
370
587
845
766
858
725
201
295
304
614
968
247
796
641
13
844
196
521
594
73
829
904
353
511
409
604
330
773
389
158
502
112
745
699
878
955
776
432
602
80
46
571
328
842
212
693
38
760
215
632
833
396
888
187
259
298
143
589
423
885
747
277
997
844
328
875
800
104
307
402
185
706
973
865
548
537
910
587
649
125
571
835
874
812
374
133
110
517
723
885
402
822
163
399
667
491
627
819
948
286
221
485
992
547
350
893
84
612
480
734
738
403
569
612
215
943
97
677
812
820
563
567
643
78
318
662
921
297
481
869
584
54
354
576
601
56
469
38
669
301
124
759
57
45
723
272
340
820
302
152
993
217
71
988
647
390
650
568
687
483
790
623
537
144
200
139
553
669
177
574
323
301
685
380
346
408
4
686
580
306
190
573
875
614
913
522
4
915
443
43
398
233
19
936
377
219
427
282
240
956
856
563
609
893
943
955
301
300
993
234
606
535
159
834
149
73
356
505
988
799
901
739
32
920
27
762
491
806
396
731
762
605
647
371
498
942
678
152
242
23
386
849
558
897
35
60
970
391
565
311
543
466
402
927
738
781
689
229
587
438
961
349
43
960
72
893
902
102
45
145
125
783
346
35
681
381
95
3
124
661
666
667
479
420
595
218
201
636
799
788
426
760
489
469
720
561
363
623
663
760
120
140
544
466
176
577
847
271
932
971
284
599
991
764
19
938
334
221
574
133
361
1
246
851
822
318
764
537
293
780
298
413
920
194
231
96
123
430
720
55
402
356
6
745
120
26
683
806
599
609
292
312
962
538
163
785
208
280
322
502
60
972
915
980
518
147
429
641
577
501
49
331
857
55
428
330
433
111
136
384
73
780
697
35
670
212
172
879
844
495
381
904
819
648
237
690
147
18
683
77
519
732
760
376
140
189
58
573
652
547
958
725
327
7
113
998
571
285
229
416
132
610
320
304
610
909
994
758
927
677
835
798
762
947
527
902
136
585
827
141
132
137
218
812
144
331
162
68
617
391
484
101
1
156
405
611
66
399
721
345
429
908
144
543
856
23
445
344
608
624
485
93
762
704
905
258
35
67
326
4
810
162
106
811
319
511
774
737
263
496
82
44
756
578
587
612
601
384
957
562
360
442
655
122
498
912
733
886
331
59
890
141
574
348
304
893
212
430
630
827
278
64
871
35
995
810
647
596
546
956
510
906
399
517
29
897
781
762
135
464
173
26
605
747
726
261
992
290
692
974
117
970
391
340
357
386
150
5
334
696
961
845
603
712
714
984
962
496
98
97
960
623
475
918
371
202
531
715
492
575
690
962
546
433
302
255
819
453
260
153
501
574
350
456
638
417
440
600
913
538
698
225
162
525
143
885
727
27
952
572
602
994
534
500
427
188
756
246
993
368
752
495
942
454
951
581
871
744
533
136
282
583
362
796
109
857
33
836
884
986
760
487
980
646
339
408
835
95
6
828
464
110
675
758
565
979
691
788
723
577
925
357
160
639
154
269
496
539
458
733
525
218
572
858
217
911
618
52
7
976
232
823
87
260
933
4
239
977
792
962
554
69
319
714
708
825
984
205
365
794
938
242
364
862
452
581
773
70
985
132
47
570
307
486
830
241
490
69
570
634
383
124
704
54
838
764
232
174
969
949
320
259
191
685
121
644
266
247
66
604
379
465
174
687
951
356
280
793
777
850
428
160
326
484
214
516
248
446
43
570
395
363
829
939
48
303
935
667
550
353
623
281
819
149
320
770
505
952
564
282
154
344
794
480
828
360
997
76
807
40
646
554
755
828
845
156
483
132
823
385
486
798
666
305
947
339
427
452
291
343
86
446
687
880
278
515
240
275
944
399
667
942
306
423
770
503
931
605
636
106
990
474
904
9
131
851
348
558
655
639
254
93
437
941
325
716
809
565
343
753
317
363
47
975
138
170
478
69
775
466
175
118
292
79
127
423
282
475
982
289
466
236
382
256
529
707
972
338
624
315
443
293
678
843
268
816
13
99
237
140
917
412
258
210
491
385
633
773
212
967
414
679
555
796
935
85
855
259
775
480
926
571
773
957
414
394
125
427
493
363
567
410
775
178
972
619
563
606
744
776
573
159
807
129
955
94
566
811
353
341
643
279
912
416
236
678
162
362
457
655
725
377
418
852
555
390
471
118
348
216
246
922
375
53
403
682
147
969
493
852
662
488
132
927
257
720
605
419
82
63
427
159
440
197
12
995
587
835
465
288
51
64
210
778
117
965
461
617
286
306
469
948
795
953
875
52
674
833
471
756
248
250
268
688
447
632
35
387
467
852
675
519
916
237
297
34
202
110
3
488
417
472
436
564
778
664
616
452
497
439
208
745
42
828
785
489
460
172
876
928
24
551
447
941
788
96
327
342
559
682
830
976
506
619
540
284
635
508
736
484
299
297
581
341
125
366
183
586
890
59
866
914
963
313
207
103
761
886
446
320
568
628
648
75
247
540
359
234
400
448
718
700
745
299
393
870
17
576
808
907
988
674
822
303
339
381
406
453
268
204
773
188
185
774
263
784
314
975
19
715
423
737
767
168
37
512
390
54
441
199
314
781
225
136
84
565
869
842
370
489
47
495
678
232
269
941
16
936
268
387
3
691
125
122
211
514
634
954
568
427
505
882
208
730
370
644
647
592
487
17
81
886
513
759
470
134
53
838
70
321
226
73
365
351
195
928
865
182
882
785
609
387
20
170
118
742
814
117
334
301
487
768
539
0
527
9
486
932
848
557
254
74
982
971
777
178
899
994
360
782
779
321
169
151
491
639
894
658
757
580
311
244
348
851
596
228
860
82
160
60
991
766
486
974
89
263
152
989
609
864
771
389
537
292
892
381
932
138
39
41
719
350
637
419
553
233
999
766
667
512
178
659
630
665
633
720
280
137
709
890
353
832
631
890
124
523
623
408
662
662
801
733
365
438
152
270
671
504
36
691
16
215
350
646
232
335
366
512
472
427
754
177
259
385
67
736
261
43
496
923
57
298
8
422
736
512
45
760
16
433
803
32
648
153
31
232
840
397
745
312
177
851
841
436
237
260
524
498
303
21
773
361
671
781
135
759
293
180
871
662
614
674
46
614
827
77
847
667
827
944
331
4
795
524
792
384
785
317
234
88
690
7
449
713
140
585
472
786
117
344
448
83
18
494
698
198
924
897
217
751
193
901
755
340
425
899
77
210
568
311
299
258
671
748
971
163
685
444
301
803
140
749
886
158
596
936
708
872
185
926
623
730
827
730
71
252
629
148
463
198
811
114
808
834
214
132
998
900
928
299
55
68
401
293
578
349
582
287
221
767
213
844
498
392
926
921
644
555
421
459
105
232
925
914
67
140
398
417
392
326
716
799
394
469
92
972
818
674
259
39
794
824
235
292
216
161
565
213
69
986
672
174
218
950
440
637
90
838
54
482
516
123
633
910
592
725
235
763
752
846
154
546
671
390
190
887
551
755
100
972
93
125
499
663
75
291
301
517
482
707
351
998
182
984
909
127
61
496
890
813
342
44
711
13
786
253
253
690
360
705
662
453
182
161
117
609
805
770
126
287
477
477
285
12
813
546
139
875
42
381
688
385
777
752
750
564
5
355
254
718
61
268
171
243
782
640
853
587
410
979
874
240
809
511
604
622
410
743
849
452
476
538
189
253
642
292
169
999
647
775
717
708
396
241
304
178
881
157
117
644
488
343
236
649
854
840
624
264
935
473
69
763
363
610
16
5
902
538
357
902
665
74
610
61
315
266
239
549
775
356
545
264
699
133
265
906
325
889
522
260
715
591
375
78
202
391
436
456
281
793
358
947
219
321
8
887
587
600
436
363
308
333
979
360
466
596
266
791
486
140
403
553
732
778
631
286
521
419
94
155
212
453
102
784
126
462
671
713
414
459
428
723
792
759
83
610
356
701
753
194
193
508
747
925
638
730
563
159
150
658
666
714
111
120
498
237
583
521
302
997
980
83
72
772
842
507
734
198
560
839
744
754
347
491
31
985
574
595
497
724
605
515
790
68
636
641
657
219
162
959
568
143
394
993
267
237
500
354
787
61
193
532
167
541
375
198
878
949
145
727
25
750
243
816
818
879
809
475
450
323
787
370
466
181
363
86
418
216
440
558
277
633
90
796
526
465
994
757
767
140
484
792
242
727
960
61
958
769
536
408
93
675
779
911
857
494
997
627
710
789
185
339
775
275
135
301
93
482
410
860
974
895
652
216
974
965
629
933
86
518
693
531
193
472
443
50
319
792
678
29
934
863
721
709
491
856
362
584
690
773
796
664
668
448
233
642
765
862
927
852
380
621
383
574
445
178
624
764
971
654
146
905
518
867
966
361
75
328
945
766
101
741
782
121
541
15
116
307
878
43
511
610
16
894
184
462
73
161
578
396
815
724
301
685
943
267
398
19
947
343
137
49
436
919
522
330
287
638
637
517
34
148
127
50
394
664
512
467
825
91
863
992
167
516
30
111
135
428
482
83
124
971
484
560
242
6
890
529
645
879
398
679
379
526
729
774
190
594
593
367
37
809
711
556
325
93
19
461
522
501
896
998
472
380
910
715
386
801
596
383
32
995
414
764
873
496
538
415
442
483
134
479
292
845
35
618
939
407
431
813
908
327
811
733
59
721
800
797
874
748
181
259
743
947
23
968
443
913
383
885
396
517
716
41
715
104
659
6
511
442
819
771
121
982
504
180
55
656
977
282
405
510
893
500
458
916
469
253
181
204
139
929
74
207
970
789
311
981
795
174
775
966
946
896
300
802
76
707
459
406
341
864
916
234
716
726
502
185
980
683
390
471
965
464
678
287
605
342
269
752
868
396
70
814
293
370
969
721
429
780
127
771
996
396
5
712
122
860
898
102
543
288
573
860
104
604
148
709
298
769
461
166
165
531
333
458
253
654
180
682
434
659
805
430
55
163
142
178
23
40
280
918
680
206
779
136
162
927
845
460
696
658
978
861
541
311
672
794
317
852
829
751
511
634
181
919
149
324
97
172
716
729
91
749
935
870
885
449
149
83
909
197
741
240
410
635
903
82
781
221
286
610
972
150
597
154
69
746
830
518
271
898
247
362
647
535
584
533
984
85
616
246
282
709
486
692
344
389
127
126
962
413
88
935
915
37
441
336
784
623
854
407
521
102
769
169
637
705
702
621
790
670
219
72
379
705
116
76
447
243
202
409
9
642
696
924
680
489
261
816
112
115
223
986
569
344
155
206
49
209
180
839
231
399
263
610
457
379
38
256
975
592
17
336
235
66
612
915
555
873
731
20
341
306
6
262
650
513
469
699
722
1
890
953
752
153
915
561
884
954
169
859
546
187
195
781
253
808
48
160
33
131
180
726
437
538
341
87
51
810
138
773
163
28
78
267
181
994
829
418
300
998
629
846
537
825
980
142
985
28
303
370
512
835
449
949
374
790
389
425
952
527
551
467
556
629
734
89
975
563
859
275
914
489
474
451
666
454
594
3
834
249
373
346
84
174
296
458
316
37
236
268
564
787
87
472
768
822
914
744
737
773
371
3
262
845
455
928
651
401
931
486
650
657
832
734
183
480
545
500
517
133
120
434
272
208
906
40
382
172
136
471
946
860
475
560
705
930
841
709
683
124
195
333
133
379
419
317
212
316
169
729
449
289
515
721
849
774
114
583
946
602
55
244
462
530
157
520
812
998
229
495
474
424
180
608
155
599
277
367
268
446
449
717
87
964
791
289
738
905
872
37
859
927
633
322
809
790
842
621
788
71
468
615
847
0
223
2
952
500
722
220
298
171
289
385
487
80
674
578
337
899
615
197
178
248
519
988
391
713
961
531
784
782
146
983
782
369
985
734
221
707
954
519
230
244
905
718
676
931
296
14
830
911
563
9
511
82
349
902
147
662
434
931
444
580
266
227
302
251
313
523
311
268
43
541
864
300
259
540
231
907
906
414
170
469
775
682
903
124
936
50
138
722
333
583
303
599
162
957
203
475
480
514
743
875
407
959
175
19
500
759
926
406
173
97
876
300
131
131
424
67
182
914
790
515
497
445
115
659
402
318
135
882
184
230
758
591
190
285
610
42
44
889
800
217
986
28
517
117
160
293
536
342
208
326
857
57
123
324
69
525
642
556
760
826
786
870
418
328
155
380
722
200
269
523
769
607
551
639
76
711
284
613
405
844
291
263
902
415
587
971
940
582
527
52
408
665
922
178
346
78
911
68
630
180
943
399
140
495
38
216
558
675
829
964
519
121
579
421
888
518
744
180
100
623
233
861
289
155
391
987
585
302
55
215
835
999
967
975
846
5
191
756
680
373
720
552
846
651
973
734
522
70
914
974
693
147
835
334
655
579
321
592
881
729
808
68
80
775
43
926
132
587
682
165
960
755
717
806
758
42
540
280
464
806
255
158
306
442
844
313
21
518
905
255
247
65
323
679
840
719
605
325
306
639
490
618
746
559
776
505
953
668
785
418
474
392
576
780
835
772
445
856
290
351
111
889
416
787
568
609
506
525
934
164
517
776
782
263
335
558
120
288
578
258
706
52
650
634
185
837
759
630
46
49
333
509
291
750
296
211
359
802
89
645
966
606
421
100
221
108
10
694
748
588
952
807
641
954
793
178
144
552
160
190
954
494
699
245
244
996
808
955
150
897
600
469
855
21
569
429
481
580
123
229
168
427
36
161
733
182
691
877
734
852
67
688
346
119
285
942
115
446
897
617
695
497
86
551
870
8
980
351
588
103
932
108
882
321
622
615
503
313
493
237
165
912
278
863
31
915
805
498
361
702
468
57
551
554
960
773
562
940
124
502
395
57
963
629
378
585
244
233
250
89
470
416
2
100
631
385
368
437
236
81
491
704
490
395
610
450
168
525
742
645
27
489
54
342
118
784
927
363
17
178
804
839
946
806
940
577
544
308
366
780
389
210
836
880
605
446
682
125
971
425
770
351
914
824
693
385
608
973
100
977
503
904
817
801
63
757
730
607
417
449
739
806
659
927
38
616
725
721
741
49
498
864
752
764
40
445
149
1
770
601
978
625
506
795
426
921
552
509
880
321
958
619
480
969
898
518
585
623
591
678
672
441
894
424
206
935
222
707
936
344
309
914
970
815
710
748
736
614
609
616
288
567
587
768
888
837
638
473
460
230
504
485
671
398
261
229
685
483
937
621
180
246
888
502
413
950
602
149
916
212
117
204
131
56
972
20
893
611
493
705
193
349
190
216
100
452
446
785
287
735
759
467
981
647
321
394
597
924
895
865
136
364
70
267
420
394
287
665
357
133
370
902
834
913
119
934
717
917
720
356
652
479
176
633
478
497
379
75
421
626
292
909
990
362
177
762
109
816
427
466
949
149
369
784
414
840
70
483
757
790
840
761
621
16
746
99
865
125
526
287
751
819
196
93
533
725
855
642
894
634
109
843
135
830
979
902
670
402
385
779
192
225
540
166
593
286
265
459
411
144
98
514
963
646
607
848
372
814
491
618
448
952
461
583
782
793
485
452
195
223
231
739
448
123
905
394
409
523
853
172
667
303
686
982
949
645
182
673
459
673
291
259
625
105
194
759
250
680
563
797
255
794
536
55
917
794
449
678
669
654
850
688
957
888
22
259
533
204
932
992
230
576
603
855
681
798
967
283
830
530
80
85
677
968
140
946
762
942
625
431
596
475
471
906
364
493
165
249
698
449
242
928
25
197
135
58
995
102
341
825
985
773
910
662
742
403
608
856
345
233
640
941
61
111
199
425
605
716
674
655
166
268
583
543
466
70
954
461
525
647
639
510
421
549
172
515
304
780
371
649
366
11
943
427
123
142
204
728
859
230
383
377
499
318
272
317
740
226
130
265
226
769
775
999
671
299
514
975
432
885
977
798
897
920
225
372
414
781
452
273
11
187
2
862
505
275
179
597
853
662
863
431
783
990
430
454
290
944
782
722
182
759
872
431
31
449
803
445
230
255
71
241
442
425
104
299
52
635
896
258
297
111
689
81
102
472
887
744
768
21
466
950
132
690
381
163
139
536
961
369
143
32
962
585
457
418
236
510
54
133
120
703
244
809
784
698
281
672
442
50
45
260
352
178
950
86
341
89
974
302
810
118
686
125
703
496
543
292
358
949
425
478
653
21
639
437
720
921
461
514
323
507
775
27
37
725
113
378
167
88
33
329
206
71
454
261
567
998
553
277
947
330
107
600
704
747
390
776
668
203
290
343
62
417
370
99
143
836
478
662
276
863
991
834
934
446
95
854
796
1
483
95
683
591
696
387
338
438
163
358
641
806
701
704
223
423
803
718
611
633
380
887
848
724
721
135
522
169
989
318
522
824
413
205
415
461
945
753
899
460
111
893
266
164
949
490
940
104
560
551
738
941
791
586
17
864
721
539
33
62
857
555
887
622
113
654
84
58
408
335
870
871
580
137
388
529
979
680
634
539
583
724
832
374
662
849
239
736
740
624
798
597
532
37
572
645
692
8
55
452
695
925
675
276
414
415
157
745
95
143
285
679
219
469
405
882
671
644
618
411
621
768
361
153
158
933
150
202
941
557
6
636
834
681
264
249
97
774
994
192
917
631
223
137
453
629
371
124
273
341
535
894
109
896
399
619
181
549
821
122
106
827
111
941
861
727
542
958
501
888
502
419
520
726
908
973
355
279
449
980
620
984
227
81
233
978
701
414
528
874
889
986
54
352
279
915
79
821
225
581
710
727
0
582
805
908
907
512
539
356
845
159
692
72
240
277
50
293
692
930
520
933
917
574
285
196
841
364
370
418
945
432
497
297
14
303
557
921
815
96
629
660
607
321
84
848
599
487
493
643
769
13
576
686
939
213
235
780
929
957
550
227
389
48
524
403
351
434
676
518
882
305
531
490
978
967
690
929
454
183
572
224
197
500
262
488
65
849
269
995
806
819
222
547
867
98
302
570
884
978
441
767
635
972
257
966
939
947
895
746
482
820
970
679
320
584
168
386
434
789
733
592
960
955
140
180
405
442
102
290
773
543
57
408
867
314
726
807
613
622
553
95
442
875
127
114
459
647
852
245
788
585
838
100
892
330
280
298
772
735
588
545
278
997
306
146
663
32
305
276
6
210
723
800
85
202
267
896
849
119
494
989
57
332
90
949
14
722
247
786
457
187
684
88
184
990
234
847
374
891
123
733
101
199
533
538
401
800
434
603
272
928
592
329
612
34
630
626
109
878
765
566
65
449
654
602
791
240
449
165
131
925
898
584
124
784
122
877
936
557
480
208
837
425
889
802
459
520
780
568
750
545
487
167
346
493
769
137
86
219
303
569
144
553
154
268
337
276
145
274
185
978
834
375
403
76
177
214
596
309
135
698
855
974
865
553
467
635
691
905
854
346
475
350
899
629
970
237
257
467
863
443
445
49
818
200
125
347
767
721
656
902
419
863
228
637
417
47
272
108
953
478
454
428
828
705
409
798
294
666
265
509
461
63
559
279
263
684
978
30
758
635
284
529
850
512
166
267
560
438
727
865
268
533
293
96
239
54
246
533
720
864
43
182
927
954
813
542
638
144
573
396
131
209
278
981
74
444
249
986
235
328
851
503
862
496
952
453
550
550
338
270
414
733
804
341
687
970
884
678
114
809
74
245
370
704
226
444
149
827
430
736
508
281
591
370
129
543
175
679
446
513
950
860
247
106
554
286
76
790
964
190
599
391
787
321
95
14
766
596
193
548
332
701
182
924
423
311
819
598
991
265
112
293
478
711
399
32
349
476
822
314
18
773
57
806
94
152
172
212
101
365
761
433
67
943
709
842
606
881
441
597
498
905
890
976
968
642
8
317
470
182
983
488
955
40
294
50
545
818
614
646
184
375
79
603
670
141
445
277
374
886
226
872
791
469
201
111
111
209
429
581
744
412
69
699
453
716
101
350
534
716
996
70
443
427
673
114
568
119
743
942
357
969
167
501
438
368
612
549
929
393
482
673
806
904
373
611
972
826
961
506
542
957
929
338
384
602
452
305
73
195
599
783
164
766
284
955
134
248
504
64
642
987
89
448
243
462
411
215
641
724
721
535
681
2
873
417
605
325
74
30
872
674
813
37
792
449
992
279
698
848
343
692
187
432
492
430
247
903
645
240
627
719
775
660
721
649
429
678
326
504
61
199
530
226
236
674
676
580
953
726
780
648
418
968
81
262
750
680
165
748
920
144
467
47
156
540
696
585
571
23
441
632
222
323
210
810
998
886
742
951
964
522
600
734
842
33
996
945
65
513
693
337
657
512
384
813
404
81
751
975
456
544
959
678
868
170
840
218
408
582
169
725
456
121
459
651
506
808
596
571
321
641
908
331
153
645
144
557
78
247
885
534
792
844
564
12
366
404
230
775
338
751
852
146
225
311
149
731
471
745
655
793
738
915
124
891
560
620
801
638
220
686
524
364
882
88
376
249
844
958
376
534
61
228
681
286
891
830
370
363
928
25
508
666
292
984
910
853
604
711
843
824
749
368
188
631
456
916
232
653
226
960
187
288
188
220
926
432
403
648
147
331
25
7
349
318
991
611
523
595
322
366
772
423
86
312
407
895
581
639
548
807
600
87
447
140
308
726
924
711
726
423
394
752
430
95
422
421
707
945
369
381
663
141
805
750
805
212
645
386
203
545
546
803
632
345
296
292
423
220
3
150
644
749
902
426
845
676
848
552
621
217
285
636
710
90
386
515
654
383
254
858
928
152
13
913
497
661
205
921
882
561
423
878
310
677
304
507
353
152
411
326
721
697
962
431
139
701
299
794
84
553
4
365
705
17
278
554
679
835
475
913
396
250
143
59
927
799
566
280
304
978
606
25
675
921
457
814
622
756
960
706
661
964
423
366
334
53
272
365
889
100
630
637
350
773
696
278
572
263
910
876
593
517
254
620
790
63
434
412
171
747
470
832
63
894
550
397
947
822
114
188
922
744
826
273
869
874
903
794
489
813
22
82
682
276
702
472
339
489
236
862
588
707
694
651
953
596
401
252
419
515
441
693
612
619
318
481
493
221
275
983
35
298
417
69
926
472
542
266
313
778
128
901
837
175
552
790
771
953
43
542
821
484
236
433
455
906
266
948
128
542
283
515
192
53
584
118
525
126
736
838
257
217
91
94
744
643
885
515
949
280
410
122
116
998
555
571
904
173
871
384
715
155
899
259
560
484
378
437
962
466
275
571
683
718
18
427
713
255
295
14
535
57
136
651
55
43
222
959
217
93
696
284
600
595
544
160
431
274
597
746
740
224
317
776
294
335
555
8
942
850
22
477
259
159
128
314
554
702
626
771
148
322
408
748
917
952
261
701
226
210
447
318
787
116
94
81
804
2
441
746
204
464
224
464
975
704
778
529
759
404
653
907
78
61
655
348
365
268
49
943
479
848
261
618
964
708
51
120
710
493
867
914
957
443
730
284
499
509
165
258
265
170
165
344
583
173
44
948
441
93
243
272
293
505
242
257
565
294
730
627
787
597
893
96
392
624
380
891
133
897
502
750
68
667
446
651
192
490
952
634
583
195
258
876
52
501
486
617
147
216
244
934
165
138
30
909
762
762
152
247
659
654
349
727
674
796
731
866
286
683
852
870
878
111
98
931
964
936
900
111
504
145
45
21
635
427
930
749
541
83
348
200
89
697
280
763
493
11
630
780
694
482
2
924
945
452
207
909
389
108
20
245
605
417
267
240
196
549
341
737
984
689
290
74
738
570
837
232
581
467
364
627
950
366
903
895
170
111
157
911
571
529
157
176
299
776
768
495
677
109
585
662
150
875
736
888
797
573
472
730
41
836
709
343
554
612
590
725
75
747
636
646
277
145
174
576
273
942
423
951
403
360
613
553
587
349
794
384
274
266
114
667
103
823
10
657
788
953
734
863
700
723
862
329
868
36
257
142
331
33
93
734
393
58
288
981
407
82
365
681
700
832
349
803
7
711
813
795
664
899
11
717
622
225
46
491
613
304
985
944
337
430
679
82
488
319
63
247
753
781
280
453
965
981
609
972
45
774
768
709
673
131
778
296
356
825
139
969
481
476
266
170
906
297
604
746
616
668
345
721
801
977
526
766
311
135
90
356
909
210
417
583
341
196
231
49
373
370
19
854
846
285
376
104
934
980
850
550
0
547
623
153
524
149
271
835
637
362
543
898
572
961
833
266
509
64
315
882
434
686
88
632
323
816
736
257
796
938
159
149
485
782
302
362
284
926
549
273
288
93
171
212
406
5
478
267
69
794
501
856
480
589
488
804
757
577
61
905
515
221
54
353
355
709
715
991
635
616
264
275
61
436
487
819
441
966
86
862
112
587
70
944
528
559
100
285
136
514
543
3
87
949
356
442
658
71
434
645
40
698
920
101
486
760
921
279
78
359
494
190
947
564
486
827
475
587
465
611
101
8
967
188
957
323
982
968
747
416
965
787
467
886
240
305
998
161
585
76
521
79
618
820
995
104
647
471
691
464
434
144
472
401
332
782
725
315
750
824
83
715
611
902
953
203
560
951
365
145
379
238
576
997
410
923
102
57
394
793
874
829
938
346
582
622
128
659
289
230
483
373
298
446
627
603
650
187
907
367
684
286
957
612
284
367
536
386
776
282
531
650
463
821
349
46
796
829
57
85
412
893
458
62
339
438
665
341
625
924
60
662
211
369
274
847
736
162
585
865
445
116
867
260
290
216
306
86
398
716
523
810
609
982
872
300
772
889
642
749
814
54
411
377
424
38
224
512
200
809
729
997
277
597
610
919
165
268
357
563
984
881
373
593
215
597
894
987
487
888
736
653
294
500
30
70
538
606
583
90
767
664
440
396
261
50
316
779
318
25
342
303
906
68
248
121
17
494
460
504
382
549
509
29
49
539
99
939
145
682
381
912
699
173
309
312
575
977
91
894
2
786
549
261
206
149
734
223
644
195
80
378
96
589
407
145
481
507
436
626
541
169
891
240
343
552
553
918
881
644
164
235
782
65
496
988
215
231
564
859
778
644
237
874
233
645
371
714
152
159
693
45
328
936
286
671
488
839
942
721
835
106
956
618
172
453
958
387
36
522
598
814
166
835
688
752
832
411
818
336
570
863
382
898
799
20
570
639
859
512
360
46
970
669
16
142
122
975
881
158
497
479
324
16
667
12
120
499
423
938
188
993
802
922
243
953
942
165
945
801
677
305
199
0
326
216
494
448
191
376
958
40
207
634
56
874
646
176
726
421
467
914
766
621
836
10
574
778
175
519
931
205
177
130
557
503
698
51
304
889
427
614
282
635
249
338
861
247
867
587
21
686
853
139
307
41
501
881
171
29
753
454
586
282
937
143
137
635
194
793
877
974
760
159
961
9
849
822
608
68
762
629
754
615
121
61
9
622
295
180
651
400
635
237
682
572
732
171
559
927
965
436
253
725
947
214
86
797
388
46
865
150
676
972
118
149
33
127
771
328
307
775
80
294
364
762
218
97
286
778
376
251
214
629
328
514
195
766
311
583
812
528
86
840
500
204
989
886
331
113
566
990
888
647
285
252
409
855
349
47
633
725
650
200
706
978
714
901
96
377
837
909
257
923
101
758
479
91
644
162
556
210
152
444
857
789
48
619
645
398
666
278
475
317
830
534
647
544
435
96
273
624
5
531
899
458
641
378
549
637
540
457
199
693
901
409
834
950
28
479
700
46
110
527
715
940
61
715
837
849
811
462
473
168
993
373
626
634
751
528
271
292
985
471
337
239
880
523
541
260
355
593
658
465
120
374
757
182
441
946
383
604
409
856
772
754
229
750
389
333
630
12
977
968
483
666
207
715
189
100
975
544
693
634
361
165
360
119
699
153
417
82
757
178
939
881
933
520
631
322
853
614
334
830
582
170
496
141
885
38
241
213
582
286
847
296
451
559
767
151
712
184
233
821
363
524
702
648
45
685
970
898
299
656
81
233
178
929
374
64
967
967
277
902
605
476
198
57
35
965
560
99
149
145
920
864
670
974
512
715
659
834
965
959
843
46
544
21
976
271
85
295
590
714
197
196
190
747
605
577
712
165
28
214
662
300
78
332
274
943
399
934
129
365
245
972
763
789
346
91
60
783
387
651
498
936
199
40
684
804
970
396
321
998
610
983
651
41
668
925
336
67
859
817
784
456
790
548
246
488
639
658
271
378
661
769
315
212
162
999
16
484
747
689
482
710
673
133
103
693
411
439
112
270
256
897
727
398
445
325
238
436
335
510
815
349
631
482
561
793
481
930
629
580
619
112
290
644
597
393
337
360
184
450
631
441
347
710
191
144
387
430
932
74
292
747
423
923
581
337
69
62
267
698
643
886
162
285
883
112
679
220
472
863
22
455
656
721
517
200
217
256
982
150
331
274
249
106
197
831
443
618
245
62
317
240
949
831
526
832
943
205
404
768
420
779
575
429
500
93
629
718
349
611
868
32
885
469
139
434
300
934
53
546
997
722
786
298
905
664
482
201
221
886
969
642
17
544
71
518
989
52
588
339
663
808
723
900
277
214
686
578
149
91
476
146
813
614
796
719
631
278
920
852
516
241
846
534
137
917
404
127
321
992
818
984
800
541
236
77
756
923
7
257
14
835
755
180
802
551
251
433
829
523
285
697
764
132
231
901
401
635
28
723
979
846
59
779
740
296
209
496
219
568
753
585
404
508
765
558
59
16
991
240
539
276
289
655
760
873
557
162
860
937
237
840
136
296
619
876
592
180
724
163
749
477
749
505
337
514
63
748
883
54
340
422
682
629
78
795
502
987
309
363
276
546
203
412
842
174
288
787
707
364
302
808
193
403
313
530
270
376
630
153
782
970
927
816
952
357
611
454
344
920
169
621
818
724
385
13
251
26
152
958
390
454
766
584
858
431
466
480
159
97
633
293
419
560
109
371
270
73
178
614
345
699
587
164
424
973
177
27
999
681
985
389
135
103
325
345
534
792
825
693
241
810
986
660
723
447
384
993
872
914
959
218
613
547
382
389
520
911
416
871
592
753
612
79
856
938
777
742
82
954
787
323
765
125
335
840
925
719
833
797
633
792
15
599
691
749
988
563
12
405
434
956
510
399
36
719
689
813
461
771
767
601
446
884
78
781
724
3
853
909
801
486
54
168
437
745
918
426
661
930
183
95
887
693
846
275
764
535
440
578
658
559
179
104
444
257
886
520
613
739
430
766
577
836
934
15
581
204
793
242
487
976
690
374
21
888
1
786
424
441
364
82
0
895
187
796
504
425
317
117
516
99
883
93
935
170
460
868
374
253
111
861
229
153
587
603
41
588
741
817
381
105
900
734
0
439
530
856
216
847
974
732
298
209
177
233
379
638
102
106
891
565
967
473
70
555
428
111
495
169
281
877
274
533
611
626
972
493
482
540
693
808
272
991
370
449
225
101
439
679
207
331
244
175
156
314
730
584
777
577
105
410
454
379
943
417
357
267
911
191
807
604
352
431
947
722
233
172
175
672
203
383
355
799
558
863
465
640
447
595
217
904
5
24
283
949
793
992
216
704
536
376
660
240
807
608
314
40
132
489
713
336
872
420
487
782
284
953
774
83
548
344
988
553
720
623
854
513
616
71
218
504
447
230
744
606
838
58
647
323
899
712
11
772
132
498
906
416
451
681
500
351
25
488
257
745
111
111
610
79
534
828
583
333
411
679
940
249
89
587
924
989
651
935
761
783
434
19
552
237
700
52
589
77
892
846
174
355
309
785
435
844
965
370
177
376
402
117
978
491
56
902
480
707
838
593
843
624
613
395
861
665
799
450
95
43
648
269
398
958
406
185
802
724
556
331
452
958
801
430
449
209
685
282
269
875
875
112
499
840
859
712
506
10
163
601
53
163
222
803
121
981
989
275
705
545
959
157
855
760
940
656
969
977
938
238
852
166
702
703
6
913
415
864
923
930
817
328
94
40
132
567
21
121
195
78
18
154
235
873
914
527
881
235
504
172
826
708
338
528
763
696
794
531
913
717
461
730
398
907
122
530
827
143
3
22
573
21
176
161
246
90
688
127
677
545
299
503
253
637
32
369
686
826
900
599
895
713
681
293
973
804
175
800
299
178
822
873
199
998
34
445
440
74
925
117
619
224
621
225
214
5
594
900
183
846
851
430
559
532
76
884
688
251
684
988
430
858
861
981
856
247
779
648
321
704
118
941
280
91
518
494
96
112
746
631
958
949
61
869
834
137
754
522
741
790
510
523
649
723
504
857
322
635
506
644
691
624
937
972
715
455
466
163
919
565
794
229
514
207
450
348
697
204
871
438
347
733
961
996
809
817
205
131
453
711
127
496
687
416
468
754
871
287
269
142
852
415
371
718
975
822
67
672
378
290
110
725
375
423
73
536
240
279
668
45
342
147
542
382
564
362
488
787
649
110
930
501
525
653
220
500
475
639
172
206
281
634
283
656
57
357
193
298
988
213
695
682
360
237
416
276
600
257
416
249
367
346
103
892
999
675
745
827
666
917
33
947
904
316
603
961
25
148
611
365
361
307
400
74
544
168
702
496
425
118
98
792
816
553
37
168
228
782
995
246
699
380
193
955
48
148
917
426
297
528
143
10
835
543
436
732
64
139
228
489
609
678
282
426
231
319
594
811
453
941
57
504
321
250
460
721
399
377
147
48
257
291
410
93
186
847
177
250
338
757
92
947
436
726
725
667
397
319
479
850
260
536
354
933
139
814
655
890
543
802
938
801
445
700
246
632
899
423
234
237
532
326
537
968
52
614
988
449
934
819
299
546
707
6
480
846
820
135
736
364
289
26
517
735
727
763
719
978
538
305
216
70
632
105
391
36
719
731
838
5
550
137
552
609
495
384
456
316
871
544
32
512
923
901
599
2
664
318
980
554
624
548
624
608
653
367
644
725
98
834
82
0
324
986
610
819
370
66
487
593
962
871
106
885
772
705
887
436
376
868
990
352
416
967
312
422
334
308
499
785
143
581
785
467
568
395
286
290
813
774
884
128
997
342
13
770
399
253
206
775
473
549
479
241
868
791
663
202
452
514
339
595
448
125
414
16
872
700
658
38
826
894
166
824
236
531
946
636
136
504
763
609
53
595
851
921
738
866
476
190
381
815
137
829
292
551
197
517
604
855
907
430
102
425
606
338
956
552
326
93
409
442
54
462
389
905
736
127
772
564
670
505
731
807
686
24
359
883
893
963
90
800
745
192
225
704
883
533
608
561
978
17
3
33
832
392
938
568
872
62
484
542
919
215
349
605
591
60
488
484
375
931
636
473
475
213
529
358
747
489
272
77
507
627
110
691
372
401
611
244
815
95
786
735
310
487
340
902
900
181
738
627
464
375
100
939
940
629
650
687
119
922
765
978
549
227
669
921
628
632
517
444
727
655
179
389
143
871
643
395
52
382
22
868
109
475
808
49
104
458
89
575
732
854
905
633
433
574
555
62
558
424
858
285
80
389
675
575
260
318
970
665
52
344
533
161
819
693
563
924
503
652
851
235
858
757
869
291
683
776
705
242
200
563
879
280
952
906
207
565
577
177
582
629
522
115
143
693
161
706
617
664
358
821
900
568
578
121
859
613
897
917
855
449
480
87
82
785
993
289
702
570
819
284
200
341
751
343
386
912
401
356
577
111
177
829
679
107
302
890
720
199
807
928
0
640
15
82
777
8
724
479
579
543
115
131
236
866
826
622
131
227
978
60
338
155
241
369
614
543
611
335
94
419
615
94
411
630
529
188
990
253
19
569
148
134
52
384
352
878
358
483
105
337
895
795
844
136
516
811
679
128
146
773
899
113
868
310
743
749
850
85
354
869
7
502
3
59
238
707
938
948
191
395
637
438
543
482
575
59
645
254
539
791
380
438
256
600
748
351
349
598
436
55
819
443
909
822
503
147
530
793
447
73
188
85
511
83
919
438
143
564
45
682
707
425
473
963
25
221
314
726
172
750
781
991
194
690
166
49
189
696
842
636
121
382
721
984
466
640
423
961
556
468
995
263
893
468
226
270
42
540
996
214
643
129
557
837
171
723
238
360
771
432
348
892
814
422
229
632
414
652
945
971
120
941
234
365
409
461
635
803
353
983
17
996
112
927
185
283
650
423
995
774
855
695
666
22
117
247
654
532
899
600
855
371
893
89
88
654
902
75
458
256
58
827
604
522
754
790
157
757
213
504
531
421
200
549
795
669
797
801
553
696
401
408
420
646
850
508
301
104
936
111
360
346
938
965
869
45
107
378
802
672
235
685
93
787
234
240
456
31
42
10
80
795
770
852
442
972
360
95
77
648
206
437
995
496
754
864
541
861
594
695
886
829
380
331
616
967
572
425
998
614
787
430
409
557
282
851
530
995
946
607
643
504
396
638
1
503
854
894
716
801
942
602
982
322
934
951
289
506
376
640
472
515
422
881
72
705
733
954
52
31
913
47
536
662
686
889
517
892
783
233
693
725
188
28
400
474
979
41
332
707
33
804
222
456
685
294
513
770
601
565
802
866
612
690
880
650
931
397
895
714
983
940
792
171
968
544
645
947
585
329
654
619
133
228
427
818
523
940
941
476
857
95
694
821
785
575
472
716
972
719
782
955
659
926
478
980
470
475
279
56
804
934
27
289
514
454
460
37
394
401
865
603
496
560
424
633
487
248
701
811
967
835
119
979
762
597
959
232
425
238
640
581
524
667
871
39
473
331
428
219
732
646
822
580
558
247
565
45
495
266
856
815
101
975
794
863
925
105
448
350
343
88
931
220
108
154
611
581
485
39
801
569
37
623
501
595
222
66
992
718
332
201
885
786
528
31
1
453
136
801
155
831
890
439
403
998
593
14
931
431
406
732
352
443
708
854
391
930
920
383
0
605
936
885
743
465
916
744
270
404
546
778
236
788
217
639
138
162
6
69
945
412
154
298
207
862
504
598
144
424
334
145
381
270
382
124
735
651
869
358
407
767
136
995
555
705
987
45
219
993
114
165
757
268
815
964
482
319
563
627
95
249
124
477
519
858
601
607
861
822
965
269
941
101
264
496
806
251
541
25
244
8
542
1
628
357
318
463
28
233
442
124
482
566
601
1
776
554
960
638
377
925
259
318
26
523
167
184
127
60
562
723
420
104
77
49
814
395
864
842
628
306
966
110
224
919
463
0
474
424
990
203
349
249
873
728
773
392
264
252
805
826
975
225
283
52
626
97
447
490
939
75
796
258
537
372
177
1
373
3
777
363
558
478
965
432
206
738
176
823
990
981
649
317
207
932
370
185
381
817
676
321
245
824
931
134
197
460
135
922
464
264
637
22
743
602
806
301
692
983
124
34
964
774
352
523
58
722
709
440
891
737
113
136
913
44
271
462
504
758
736
320
23
374
695
118
328
501
419
21
836
544
55
153
670
407
676
728
481
737
168
373
826
281
861
740
677
132
554
182
243
291
502
618
17
549
736
345
51
507
366
239
51
422
392
721
181
421
450
15
158
970
388
337
604
249
77
281
734
983
815
977
274
670
947
291
219
35
637
622
542
3
862
594
777
606
667
311
27
469
326
538
792
66
875
396
315
952
29
49
287
197
378
562
219
325
205
790
712
842
413
255
198
627
201
327
233
868
990
261
338
668
799
482
734
26
878
50
330
259
451
617
808
182
179
27
859
385
818
572
579
583
827
129
562
28
809
795
248
799
408
938
468
559
420
202
585
650
604
915
910
408
533
70
590
64
98
449
801
268
373
733
203
200
862
765
580
671
912
829
471
321
767
291
232
188
845
818
838
802
85
100
210
970
171
152
387
621
953
188
241
327
921
796
879
136
913
460
807
825
289
630
498
408
273
83
948
119
253
139
273
338
239
483
661
762
987
48
735
940
236
328
619
510
476
499
646
389
959
805
567
600
788
65
360
61
148
309
532
401
448
805
92
39
640
753
802
627
801
889
920
389
570
539
899
46
38
897
436
349
55
3
949
843
420
310
256
921
971
141
674
419
298
766
458
939
519
612
918
672
502
190
62
424
730
313
470
120
211
906
470
618
261
771
813
682
433
69
603
404
562
277
823
861
396
634
152
267
246
422
940
100
613
354
524
343
667
347
463
230
253
285
200
867
57
13
549
490
83
504
247
997
133
422
210
529
56
362
149
655
137
441
107
750
795
984
445
814
331
260
397
936
546
597
803
955
611
704
797
46
208
44
395
342
467
606
223
875
968
372
882
457
165
990
559
960
974
4
127
657
617
876
593
515
473
397
470
436
101
267
834
662
664
230
356
131
836
931
358
156
656
241
614
821
231
173
134
557
530
261
214
147
137
159
14
962
908
484
751
10
103
585
24
767
167
380
898
355
663
609
512
319
850
478
141
433
3
275
990
885
888
556
384
377
715
398
339
624
882
90
986
338
28
10
105
195
742
356
551
405
965
415
77
815
245
570
248
600
845
590
486
85
146
870
462
861
621
801
837
855
244
823
193
272
185
299
819
927
655
722
685
972
137
114
787
734
684
387
335
881
329
821
966
475
43
428
688
664
581
878
520
177
701
65
801
887
364
621
166
371
343
203
343
833
669
482
567
353
221
902
234
550
75
552
377
119
980
66
783
914
944
655
91
997
721
893
236
437
866
755
161
561
310
504
394
980
987
314
333
560
568
920
111
644
472
488
763
805
906
898
719
202
906
162
552
979
55
788
416
273
543
929
835
854
434
581
834
773
895
519
333
464
439
796
108
912
285
223
717
543
473
788
746
379
950
298
358
358
438
127
631
334
56
466
188
842
48
374
615
295
245
301
759
685
97
219
949
734
442
18
630
268
806
728
647
756
378
358
114
816
837
746
150
245
564
690
88
612
416
55
260
662
708
19
699
158
591
0
892
385
18
874
653
824
602
301
932
980
11
47
149
848
145
299
93
61
342
533
26
758
589
286
772
297
305
823
455
248
823
700
634
841
926
287
17
529
940
950
509
951
349
10
151
846
310
597
907
4
130
933
114
719
219
887
369
877
710
176
125
